7-7-6-5         1,645,719,651,576
8-7-6-4         1,370,634,305,040
8-6-6-5         1,234,289,738,682
8-7-5-5           925,897,020,048
7-6-6-6           732,283,439,888
9-7-5-4           571,097,627,100
9-6-5-5           514,387,233,360
8-8-5-4           385,790,425,020
9-6-6-4           384,464,716,350
7-7-7-4           307,930,248,340
9-7-6-3           304,585,401,120
8-7-7-3           274,286,608,596
10-6-5-4          228,439,050,840
8-8-6-3           205,754,893,344
9-8-5-3           171,329,288,130
9-8-4-4           119,145,076,050
10-7-5-3           91,375,620,336
10-7-4-4           63,544,040,560
9-8-6-2            62,301,559,320
10-6-6-3           61,514,354,616
8-8-7-2            56,114,970,912
9-7-7-2            41,941,605,420
10-8-4-3           38,073,175,140
10-7-6-2           33,227,498,304
9-9-4-3            26,720,708,300
11-6-5-3           24,920,623,728
11-5-5-4           23,596,733,160
10-8-5-2           18,690,467,796
11-6-4-4           17,330,192,880
11-7-4-3           13,844,790,960
9-9-5-2            12,997,644,660
9-8-7-1            10,383,593,220
11-7-5-2            6,796,533,744
10-9-4-2            5,821,830,300
11-6-6-2            4,826,157,336
10-9-3-3            4,284,269,990
10-8-6-1            4,153,437,288
9-9-6-1             2,888,365,480
11-8-4-2            2,831,889,060
10-7-7-1            2,796,107,028
8-8-8-1             2,492,838,348
12-6-4-3            2,307,465,160
12-5-4-4            2,166,274,110
11-8-3-3            2,083,979,898
10-9-5-1            1,730,598,870
12-5-5-3            1,573,115,544
11-7-6-1            1,510,340,832
12-6-5-2            1,132,755,624
11-8-5-1              849,566,718
11-9-3-2              635,108,760
12-7-4-2              629,308,680
10-10-3-2             467,374,908
12-7-3-3              463,106,644
10-8-7-0              319,495,176
9-8-8-0               302,522,220
11-9-4-1              264,628,650
9-9-7-0               222,181,960
10-10-4-1             194,739,545
12-8-3-2              188,792,604
12-7-5-1              188,792,604
10-9-6-0              177,497,320
12-6-6-1              134,059,926
13-5-4-3              133,122,990
11-8-6-0               87,135,048
12-8-4-1               78,663,585
11-7-7-0               61,873,812
13-4-4-4               61,176,830
13-6-4-2               48,408,360
11-10-3-1              42,340,584
11-9-5-0               36,640,890
13-6-3-3               35,623,588
11-10-2-2              35,086,428
13-5-5-2               34,810,776
13-7-3-2               19,363,344
12-7-6-0               19,363,344
12-9-3-1               17,641,910
12-9-2-2               14,619,345
13-6-5-1               14,522,508
12-8-5-0               10,891,881
11-10-4-0               8,142,420
13-7-4-1                8,068,060
12-9-4-0                3,392,675
13-8-3-1                2,420,418
13-8-2-2                2,005,731
12-10-2-1               1,924,572
11-11-2-1               1,682,226
13-7-5-0                1,117,116
12-10-3-0                 542,828
13-8-4-0                  465,465
11-11-3-0                 449,826
13-9-2-1                  370,110
13-9-3-0                  104,390
12-11-1-1                  49,686
12-11-2-0                  42,588
13-10-1-1                  13,286
13-10-2-0                  11,388
13-12-0-0                       0
13-11-1-0                       0
13-6-6-0                        0
12-12-1-0                       0
10-10-5-0                       0
10-5-5-5                        0

10,027,827,525,131 equivalence classes
