(13, 12)                       13  0.00000% 
(13, 11, 1)                 1,014  0.00000% 
(13, 10, 2)                22,308  0.00000% 
(13, 10, 1, 1)             26,026  0.00000% 
(13, 9, 3)                204,490  0.00000% 
(13, 9, 2, 1)             725,010  0.00000% 
(13, 8, 4)                920,205  0.00000% 
(13, 8, 3, 1)           4,785,066  0.00002% 
(13, 8, 2, 2)           3,965,247  0.00002% 
(13, 7, 5)              2,208,492  0.00001% 
(13, 7, 4, 1)          15,950,220  0.00008% 
(13, 7, 3, 2)          38,280,528  0.00019% 
(13, 6, 6)              1,473,186  0.00001% 
(13, 6, 5, 1)          28,710,396  0.00014% 
(13, 6, 4, 2)          95,701,320  0.00048% 
(13, 6, 3, 3)          70,426,356  0.00035% 
(13, 5, 5, 2)          64,648,584  0.00032% 
(13, 5, 4, 3)         263,178,630  0.00132% 
(13, 4, 4, 4)          60,921,575  0.00031% 
(12, 12, 1)                 1,183  0.00000% 
(12, 11, 2)                79,092  0.00000% 
(12, 11, 1, 1)             92,274  0.00000% 
(12, 10, 3)             1,063,348  0.00001% 
(12, 10, 2, 1)          3,770,052  0.00002% 
(12, 9, 4)              6,645,925  0.00003% 
(12, 9, 3, 1)          34,558,810  0.00017% 
(12, 9, 2, 2)          28,637,895  0.00014% 
(12, 8, 5)             21,532,797  0.00011% 
(12, 8, 4, 1)         155,514,645  0.00078% 
(12, 8, 3, 2)         373,235,148  0.00187% 
(12, 7, 6)             38,280,528  0.00019% 
(12, 7, 5, 1)         373,235,148  0.00187% 
(12, 7, 4, 2)       1,244,117,160  0.00625% 
(12, 7, 3, 3)         915,542,628  0.00460% 
(12, 6, 6, 1)         248,968,434  0.00125% 
(12, 6, 5, 2)       2,239,410,888  0.01125% 
(12, 6, 4, 3)       4,561,762,920  0.02292% 
(12, 5, 5, 3)       3,081,582,504  0.01548% 
(12, 5, 4, 4)       4,282,634,070  0.02151% 
(11, 11, 3)               881,166  0.00000% 
(11, 11, 2, 1)          3,124,134  0.00002% 
(11, 10, 4)            15,950,220  0.00008% 
(11, 10, 3, 1)         82,941,144  0.00042% 
(11, 10, 2, 2)         68,730,948  0.00035% 
(11, 9, 5)             71,775,990  0.00036% 
(11, 9, 4, 1)         518,382,150  0.00260% 
(11, 9, 3, 2)       1,244,117,160  0.00625% 
(11, 8, 6)            172,262,376  0.00087% 
(11, 8, 5, 1)       1,679,558,166  0.00844% 
(11, 8, 4, 2)       5,598,527,220  0.02812% 
(11, 8, 3, 3)       4,119,941,826  0.02070% 
(11, 7, 7)            114,908,508  0.00058% 
(11, 7, 6, 1)       2,985,881,184  0.01500% 
(11, 7, 5, 2)      13,436,465,328  0.06750% 
(11, 7, 4, 3)      27,370,577,520  0.13750% 
(11, 6, 6, 2)       8,962,863,624  0.04503% 
(11, 6, 5, 3)      49,267,039,536  0.24750% 
(11, 6, 4, 4)      34,261,072,560  0.17211% 
(11, 5, 5, 4)      46,223,737,560  0.23221% 
(10, 10, 5)            52,819,767  0.00027% 
(10, 10, 4, 1)        381,476,095  0.00192% 
(10, 10, 3, 2)        915,542,628  0.00460% 
(10, 9, 6)            350,904,840  0.00176% 
(10, 9, 5, 1)       3,421,322,190  0.01719% 
(10, 9, 4, 2)      11,404,407,300  0.05729% 
(10, 9, 3, 3)       8,392,474,090  0.04216% 
(10, 8, 7)            631,628,712  0.00317% 
(10, 8, 6, 1)       8,211,173,256  0.04125% 
(10, 8, 5, 2)      36,950,279,652  0.18562% 
(10, 8, 4, 3)      75,269,088,180  0.37812% 
(10, 7, 7, 1)       5,477,305,548  0.02752% 
(10, 7, 6, 2)      65,689,386,048  0.33000% 
(10, 7, 5, 3)     180,645,811,632  0.90749% 
(10, 7, 4, 4)     125,623,932,720  0.63108% 
(10, 6, 6, 3)     120,500,722,056  0.60534% 
(10, 6, 5, 4)     451,614,529,080  2.26872% 
(10, 5, 5, 5)     101,613,575,778  0.51046% 
(9, 9, 7)             439,244,520  0.00221% 
(9, 9, 6, 1)        5,710,178,760  0.02869% 
(9, 9, 5, 2)       25,695,804,420  0.12908% 
(9, 9, 4, 3)       52,343,305,300  0.26295% 
(9, 8, 8)             592,612,020  0.00298% 
(9, 8, 7, 1)       20,527,933,140  0.10312% 
(9, 8, 6, 2)      123,167,598,840  0.61874% 
(9, 8, 5, 3)      338,710,896,810  1.70154% 
(9, 8, 4, 4)      235,544,873,850  1.18328% 
(9, 7, 7, 2)       82,159,583,220  0.41273% 
(9, 7, 6, 3)      602,152,705,440  3.02496% 
(9, 7, 5, 4)    1,129,036,322,700  5.67180% 
(9, 6, 6, 4)      753,129,512,850  3.78340% 
(9, 6, 5, 5)    1,016,922,226,320  5.10859% 
(8, 8, 8, 1)        4,618,798,899  0.02320% 
(8, 8, 7, 2)      110,936,970,144  0.55730% 
(8, 8, 6, 3)      406,768,890,528  2.04343% 
(8, 8, 5, 4)      762,691,669,740  3.83144% 
(8, 7, 7, 3)      542,253,249,252  2.72405% 
(8, 7, 6, 4)    2,709,687,174,480 13.61232% 
(8, 7, 5, 5)    1,830,460,007,376  9.19545% 
(8, 6, 6, 5)    2,440,139,621,634 12.25823% 
(7, 7, 7, 4)      602,153,727,890  3.02496% 
(7, 7, 6, 5)    3,253,519,495,512 16.34430% 
(7, 6, 6, 6)    1,445,168,946,936  7.25992% 

19,906,139,282,588 equivalence classes
