7_7_6_5        78,038,990,625,024
8_7_6_4        65,032,492,187,520
8_6_6_5        58,529,242,968,768
8_7_5_5        43,896,932,226,576
7_6_6_6        34,683,995,833,344
9_7_5_4        27,096,871,744,800
9_6_5_5        24,387,184,570,320
8_8_5_4        18,290,388,427,740
9_6_6_4        18,064,581,163,200
9_7_6_3        14,451,664,930,560
7_7_7_4        14,451,664,930,560
8_7_7_3        13,006,498,437,504
10_6_5_4       10,838,748,697,920
8_8_6_3         9,754,873,828,128
9_8_5_3         8,129,061,523,440
9_8_4_4         5,645,181,613,500
10_7_5_3        4,335,499,479,168
10_7_4_4        3,010,763,527,200
9_8_6_2         2,956,022,372,160
10_6_6_3        2,890,332,986,112
8_8_7_2         2,660,420,134,944
10_5_5_5        2,438,718,457,032
9_7_7_2         1,970,681,581,440
10_8_4_3        1,806,458,116,320
10_7_6_2        1,576,545,265,152
9_9_4_3         1,254,484,803,000
11_6_5_3        1,182,408,948,864
11_5_5_4        1,108,508,389,560
10_8_5_2          886,806,711,648
11_6_4_4          821,117,325,600
11_7_4_3          656,893,860,480
9_9_5_2           615,837,994,200
9_8_7_1           492,670,395,360
11_7_5_2          322,475,167,872
10_9_4_2          273,705,775,200
11_6_6_2          214,983,445,248
10_9_3_3          200,717,568,480
10_8_6_1          197,068,158,144
9_9_6_1           136,852,887,600
11_8_4_2          134,364,653,280
10_7_7_1          131,378,772,096
8_8_8_1           110,850,838,956
12_6_4_3          109,482,310,080
12_5_4_4          102,639,665,700
11_8_3_3           98,534,079,072
10_9_5_1           82,111,732,560
12_5_5_3           73,900,559,304
11_7_6_1           71,661,148,416
12_6_5_2           53,745,861,312
11_8_5_1           40,309,395,984
12_7_4_2           29,858,811,840
11_9_3_2           29,858,811,840
12_7_3_3           21,896,462,016
10_10_3_2          21,896,462,016
10_8_7_0           15,159,089,088
9_8_8_0            14,211,646,020
11_9_4_1           12,441,171,600
9_9_7_0            10,527,145,200
10_10_4_1           9,123,525,840
12_8_3_2            8,957,643,552
12_7_5_1            8,957,643,552
10_9_6_0            8,421,716,160
13_5_4_3            6,316,287,120
12_6_6_1            5,971,762,368
11_8_6_0            4,134,297,024
12_8_4_1            3,732,351,480
11_7_7_0            2,756,198,016
13_6_4_2            2,296,831,680
11_10_3_1           1,990,587,456
11_9_5_0            1,722,623,760
13_6_3_3            1,684,343,232
11_10_2_2           1,628,662,464
13_5_5_2            1,550,361,384
13_4_4_4            1,462,103,500
10_10_5_0           1,263,257,424
13_7_3_2              918,732,672
12_7_6_0              918,732,672
12_9_3_1              829,411,440
13_6_5_1              689,049,504
12_9_2_2              678,609,360
12_8_5_0              516,787,128
13_7_4_1              382,805,280
11_10_4_0             382,805,280
12_9_4_0              159,502,200
13_8_3_1              114,841,584
13_8_2_2               93,961,296
12_10_2_1              90,481,248
11_11_2_1              74,030,112
13_7_5_0               53,003,808
13_6_6_0               35,335,872
12_10_3_0              25,520,352
13_8_4_0               22,084,920
11_11_3_0              20,880,288
13_9_2_1               17,400,240
13_9_3_0                4,907,760
12_11_1_1               2,056,392
12_11_2_0               1,898,208
13_10_1_1                 580,008
13_10_2_0                 535,392
12_12_1_0                  26,364
13_11_1_0                  24,336
13_12_0_0                     156
