(13, 12)                      156  0.00000%
(13, 11, 1)                24,336  0.00000%
(13, 10, 2)               535,392  0.00000%
(13, 10, 1, 1)            580,008  0.00000%
(13, 9, 3)              4,907,760  0.00000%
(13, 9, 2, 1)          17,400,240  0.00000%
(13, 8, 4)             22,084,920  0.00000%
(13, 8, 3, 1)         114,841,584  0.00002%
(13, 8, 2, 2)          93,961,296  0.00002%
(13, 7, 5)             53,003,808  0.00001%
(13, 7, 4, 1)         382,805,280  0.00008%
(13, 7, 3, 2)         918,732,672  0.00019%
(13, 6, 6)             35,335,872  0.00001%
(13, 6, 5, 1)         689,049,504  0.00014%
(13, 6, 4, 2)       2,296,831,680  0.00048%
(13, 6, 3, 3)       1,684,343,232  0.00035%
(13, 5, 5, 2)       1,550,361,384  0.00032%
(13, 5, 4, 3)       6,316,287,120  0.00132%
(13, 4, 4, 4)       1,462,103,500  0.00031%
(12, 12, 1)                26,364  0.00000%
(12, 11, 2)             1,898,208  0.00000%
(12, 11, 1, 1)          2,056,392  0.00000%
(12, 10, 3)            25,520,352  0.00001%
(12, 10, 2, 1)         90,481,248  0.00002%
(12, 9, 4)            159,502,200  0.00003%
(12, 9, 3, 1)         829,411,440  0.00017%
(12, 9, 2, 2)         678,609,360  0.00014%
(12, 8, 5)            516,787,128  0.00011%
(12, 8, 4, 1)       3,732,351,480  0.00078%
(12, 8, 3, 2)       8,957,643,552  0.00188%
(12, 7, 6)            918,732,672  0.00019%
(12, 7, 5, 1)       8,957,643,552  0.00188%
(12, 7, 4, 2)      29,858,811,840  0.00625%
(12, 7, 3, 3)      21,896,462,016  0.00459%
(12, 6, 6, 1)       5,971,762,368  0.00125%
(12, 6, 5, 2)      53,745,861,312  0.01125%
(12, 6, 4, 3)     109,482,310,080  0.02293%
(12, 5, 5, 3)      73,900,559,304  0.01547%
(12, 5, 4, 4)     102,639,665,700  0.02149%
(11, 11, 3)            20,880,288  0.00000%
(11, 11, 2, 1)         74,030,112  0.00002%
(11, 10, 4)           382,805,280  0.00008%
(11, 10, 3, 1)      1,990,587,456  0.00042%
(11, 10, 2, 2)      1,628,662,464  0.00034%
(11, 9, 5)          1,722,623,760  0.00036%
(11, 9, 4, 1)      12,441,171,600  0.00261%
(11, 9, 3, 2)      29,858,811,840  0.00625%
(11, 8, 6)          4,134,297,024  0.00087%
(11, 8, 5, 1)      40,309,395,984  0.00844%
(11, 8, 4, 2)     134,364,653,280  0.02814%
(11, 8, 3, 3)      98,534,079,072  0.02063%
(11, 7, 7)          2,756,198,016  0.00058%
(11, 7, 6, 1)      71,661,148,416  0.01501%
(11, 7, 5, 2)     322,475,167,872  0.06753%
(11, 7, 4, 3)     656,893,860,480  0.13755%
(11, 6, 6, 2)     214,983,445,248  0.04502%
(11, 6, 5, 3)   1,182,408,948,864  0.24760%
(11, 6, 4, 4)     821,117,325,600  0.17194%
(11, 5, 5, 4)   1,108,508,389,560  0.23212%
(10, 10, 5)         1,263,257,424  0.00026%
(10, 10, 4, 1)      9,123,525,840  0.00191%
(10, 10, 3, 2)     21,896,462,016  0.00459%
(10, 9, 6)          8,421,716,160  0.00176%
(10, 9, 5, 1)      82,111,732,560  0.01719%
(10, 9, 4, 2)     273,705,775,200  0.05731%
(10, 9, 3, 3)     200,717,568,480  0.04203%
(10, 8, 7)         15,159,089,088  0.00317%
(10, 8, 6, 1)     197,068,158,144  0.04127%
(10, 8, 5, 2)     886,806,711,648  0.18570%
(10, 8, 4, 3)   1,806,458,116,320  0.37828%
(10, 7, 7, 1)     131,378,772,096  0.02751%
(10, 7, 6, 2)   1,576,545,265,152  0.33013%
(10, 7, 5, 3)   4,335,499,479,168  0.90786%
(10, 7, 4, 4)   3,010,763,527,200  0.63046%
(10, 6, 6, 3)   2,890,332,986,112  0.60524%
(10, 6, 5, 4)  10,838,748,697,920  2.26965%
(10, 5, 5, 5)   2,438,718,457,032  0.51067%
(9, 9, 7)          10,527,145,200  0.00220%
(9, 9, 6, 1)      136,852,887,600  0.02866%
(9, 9, 5, 2)      615,837,994,200  0.12896%
(9, 9, 4, 3)    1,254,484,803,000  0.26269%
(9, 8, 8)          14,211,646,020  0.00298%
(9, 8, 7, 1)      492,670,395,360  0.10317%
(9, 8, 6, 2)    2,956,022,372,160  0.61900%
(9, 8, 5, 3)    8,129,061,523,440  1.70224%
(9, 8, 4, 4)    5,645,181,613,500  1.18211%
(9, 7, 7, 2)    1,970,681,581,440  0.41266%
(9, 7, 6, 3)   14,451,664,930,560  3.02620%
(9, 7, 5, 4)   27,096,871,744,800  5.67413%
(9, 6, 6, 4)   18,064,581,163,200  3.78275%
(9, 6, 5, 5)   24,387,184,570,320  5.10672%
(8, 8, 8, 1)      110,850,838,956  0.02321%
(8, 8, 7, 2)    2,660,420,134,944  0.55710%
(8, 8, 6, 3)    9,754,873,828,128  2.04269%
(8, 8, 5, 4)   18,290,388,427,740  3.83004%
(8, 7, 7, 3)   13,006,498,437,504  2.72358%
(8, 7, 6, 4)   65,032,492,187,520 13.61791%
(8, 7, 5, 5)   43,896,932,226,576  9.19209%
(8, 6, 6, 5)   58,529,242,968,768 12.25612%
(7, 7, 7, 4)   14,451,664,930,560  3.02620%
(7, 7, 6, 5)   78,038,990,625,024 16.34149%
(7, 6, 6, 6)   34,683,995,833,344  7.26289%
